-7.499999999999998
-6.899999999999999
-5.699999999999998
-6.299999999999999
-8.099999999999998
-8.099999999999998
-8.099999999999998
-6.899999999999999
-8.099999999999998
-8.099999999999998
-8.099999999999998
-6.299999999999999
-5.699999999999998
-6.299999999999999
-5.699999999999998
-4.499999999999998
-4.499999999999998
-5.699999999999998
-7.499999999999998
-7.499999999999998
-3.899999999999998
-6.899999999999999
-7.499999999999998
-7.499999999999998
-6.899999999999999
-5.699999999999998
-8.099999999999998
-6.899999999999999
-8.099999999999998
-6.299999999999999
-4.499999999999998
-8.7
-5.099999999999998
-5.099999999999998
-7.499999999999998
-8.099999999999998
-8.099999999999998
-3.299999999999998
-3.299999999999998
-6.899999999999999
-5.099999999999998
-5.699999999999998
-4.499999999999998
-6.899999999999999
-6.899999999999999
-3.899999999999998
-7.499999999999998
2.6999999999999993
-8.7
-7.499999999999998
-0.8999999999999986
-4.499999999999998
-5.699999999999998
-7.499999999999998
-2.699999999999998
-0.29999999999999893
3.8999999999999986
3.8999999999999986
-7.499999999999998
-1.4999999999999982
-5.099999999999998
-6.299999999999999
-6.299999999999999
3.8999999999999986
-2.099999999999998
2.0999999999999996
-5.099999999999998
2.0999999999999996
4.1999999999999975
-6.299999999999999
-5.699999999999998
3.8999999999999986
3.9999999999999982
-6.899999999999999
6.299999999999994
-0.29999999999999893
3.8999999999999986
8.399999999999986
-5.099999999999998
-5.699999999999998
3.8999999999999986
-3.899999999999998
-5.099999999999998
3.8999999999999986
-6.299999999999999
2.6999999999999993
-5.699999999999998
3.8999999999999986
3.8999999999999986
3.8999999999999986
3.8999999999999986
3.8999999999999986
-5.099999999999998
3.8999999999999986
3.8999999999999986
3.8999999999999986
-6.899999999999999
-5.099999999999998
-3.299999999999998
-5.099999999999998
-6.299999999999999
-5.699999999999998
-6.899999999999999
-6.299999999999999
3.8999999999999986
-6.299999999999999
-9.299999999999999
3.8999999999999986
1.5
3.8999999999999986
4.899999999999995
4.399999999999997
3.299999999999999
3.8999999999999986
-7.499999999999998
3.8999999999999986
4.299999999999997
3.8999999999999986
3.8999999999999986
3.8999999999999986
2.3000000000000034
-6.299999999999999
3.9999999999999982
2.0999999999999996
3.9999999999999982
3.8999999999999986
-0.29999999999999893
3.8999999999999986
-5.699999999999998
-5.699999999999998
3.9999999999999982
-7.499999999999998
-8.099999999999998
-8.7
-7.499999999999998
-9.299999999999999
0.3000000000000007
-6.899999999999999
3.8999999999999986
-6.899999999999999
-8.7
-8.7
-9.299999999999999
4.899999999999995
-8.7
3.8999999999999986
3.8999999999999986
4.599999999999996
3.8999999999999986
3.9999999999999982
3.8999999999999986
3.8999999999999986
3.9999999999999982
3.8999999999999986
-2.699999999999998
3.8999999999999986
3.8999999999999986
3.8999999999999986
4.899999999999995
4.1999999999999975
3.8999999999999986
5.999999999999995
3.8999999999999986
-0.8999999999999986
3.8999999999999986
2.6999999999999993
3.8999999999999986
3.8999999999999986
3.8999999999999986
3.8999999999999986
3.8999999999999986
3.8999999999999986
3.8999999999999986
-4.499999999999998
3.8999999999999986
3.8999999999999986
3.8999999999999986
-5.099999999999998
6.199999999999994
4.299999999999997
3.8999999999999986
3.8999999999999986
-5.099999999999998
3.8999999999999986
3.8999999999999986
3.8999999999999986
3.8999999999999986
3.8999999999999986
3.8999999999999986
3.8999999999999986
3.8999999999999986
3.8999999999999986
3.8999999999999986
3.8999999999999986
3.8999999999999986
3.8999999999999986
3.8999999999999986
3.8999999999999986
3.8999999999999986
3.8999999999999986
3.8999999999999986
2.0999999999999996
3.8999999999999986
3.8999999999999986
3.8999999999999986
5.999999999999995
3.8999999999999986
3.8999999999999986
3.8999999999999986
3.8999999999999986
3.8999999999999986
3.8999999999999986
3.8999999999999986
4.799999999999995
4.4999999999999964
3.8999999999999986
3.8999999999999986
1.5
3.8999999999999986
3.8999999999999986
3.8999999999999986
3.8999999999999986
3.8999999999999986
3.8999999999999986
3.8999999999999986
4.299999999999997
3.8999999999999986
3.8999999999999986
4.599999999999996
4.4999999999999964
3.8999999999999986
8.399999999999986
3.8999999999999986
3.9999999999999982
4.699999999999996
4.699999999999996
4.699999999999996
3.8999999999999986
3.8999999999999986
3.8999999999999986
3.8999999999999986
3.8999999999999986
3.8999999999999986
4.599999999999996
3.8999999999999986
3.8999999999999986
3.8999999999999986
3.8999999999999986
1.5
6.5999999999999925
4.4999999999999964
3.8999999999999986
3.9999999999999982
3.8999999999999986
4.1999999999999975
3.8999999999999986
4.099999999999998
3.8999999999999986
6.199999999999994
6.199999999999994
0.3000000000000007
3.8999999999999986
6.299999999999994
3.8999999999999986
3.8999999999999986
3.8999999999999986
3.8999999999999986
3.8999999999999986
4.599999999999996
4.599999999999996
3.8999999999999986
3.8999999999999986
3.8999999999999986
3.8999999999999986
3.8999999999999986
2.6999999999999993
3.8999999999999986
3.8999999999999986
3.8999999999999986
3.8999999999999986
4.299999999999997
3.8999999999999986
3.8999999999999986
2.0999999999999996
3.8999999999999986
2.6999999999999993
3.8999999999999986
3.8999999999999986
3.8999999999999986
3.8999999999999986
3.8999999999999986
3.8999999999999986
0.3000000000000007
3.8999999999999986
3.9999999999999982
3.8999999999999986
3.8999999999999986
4.399999999999997
3.8999999999999986
4.699999999999996
3.8999999999999986
3.8999999999999986
6.099999999999994
3.9999999999999982
1.5
6.199999999999994
3.8999999999999986
3.8999999999999986
3.8999999999999986
3.8999999999999986
8.399999999999986
3.8999999999999986
3.8999999999999986
3.8999999999999986
3.8999999999999986
3.8999999999999986
3.8999999999999986
3.8999999999999986
4.399999999999997
3.8999999999999986
3.8999999999999986
3.8999999999999986
3.8999999999999986
6.699999999999992
4.1999999999999975
3.8999999999999986
3.8999999999999986
3.8999999999999986
3.9999999999999982
6.699999999999992
0.3000000000000007
3.8999999999999986
3.8999999999999986
3.8999999999999986
3.8999999999999986
3.8999999999999986
6.399999999999993
4.899999999999995
4.399999999999997
3.8999999999999986
8.599999999999985
3.9999999999999982
3.8999999999999986
0.9000000000000004
4.299999999999997
6.099999999999994
3.8999999999999986
3.8999999999999986
3.8999999999999986
8.699999999999985
3.8999999999999986
3.8999999999999986
2.0999999999999996
4.099999999999998
4.599999999999996
3.8999999999999986
2.6999999999999993
3.8999999999999986
4.299999999999997
3.8999999999999986
3.8999999999999986
4.899999999999995
3.8999999999999986
3.8999999999999986
3.8999999999999986
6.099999999999994
3.8999999999999986
4.399999999999997
4.099999999999998
4.599999999999996
6.499999999999993
6.299999999999994
10.699999999999982
3.8999999999999986
3.8999999999999986
3.8999999999999986
3.8999999999999986
13.199999999999973
3.8999999999999986
4.099999999999998
3.8999999999999986
8.399999999999986
3.8999999999999986
3.8999999999999986
4.399999999999997
3.8999999999999986
12.899999999999974
6.699999999999992
3.8999999999999986
9.399999999999983
4.599999999999996
8.799999999999985
9.299999999999983
6.399999999999993
3.8999999999999986
3.8999999999999986
3.8999999999999986
3.8999999999999986
4.299999999999997
3.8999999999999986
4.1999999999999975
4.099999999999998
9.299999999999983
4.599999999999996
3.8999999999999986
4.699999999999996
3.8999999999999986
3.8999999999999986
4.699999999999996
3.8999999999999986
5.999999999999995
3.8999999999999986
10.599999999999982
3.8999999999999986
3.8999999999999986
3.8999999999999986
4.699999999999996
4.799999999999995
4.399999999999997
4.799999999999995
4.799999999999995
4.1999999999999975
3.8999999999999986
6.299999999999994
3.8999999999999986
4.599999999999996
5.999999999999995
3.8999999999999986
4.899999999999995
3.8999999999999986
3.8999999999999986
3.8999999999999986
4.399999999999997
3.8999999999999986
4.699999999999996
3.8999999999999986
11.19999999999998
3.8999999999999986
4.1999999999999975
3.8999999999999986
3.8999999999999986
6.199999999999994
3.8999999999999986
3.9999999999999982
4.799999999999995
4.799999999999995
4.999999999999995
4.4999999999999964
9.099999999999984
3.8999999999999986
3.8999999999999986
3.8999999999999986
3.8999999999999986
4.899999999999995
4.799999999999995
8.899999999999984
4.699999999999996
8.999999999999984
3.8999999999999986
3.8999999999999986
6.5999999999999925
4.699999999999996
8.399999999999986
4.899999999999995
3.8999999999999986
3.8999999999999986
3.8999999999999986
6.199999999999994
4.299999999999997
8.399999999999986
9.499999999999982
4.799999999999995
3.8999999999999986
3.8999999999999986
3.8999999999999986
10.499999999999982
3.8999999999999986
3.9999999999999982
3.8999999999999986
4.699999999999996
4.799999999999995
4.999999999999995
3.8999999999999986
3.8999999999999986
3.9999999999999982
4.299999999999997
4.599999999999996
12.899999999999974
8.399999999999986
3.8999999999999986
4.599999999999996
4.299999999999997
4.599999999999996
3.8999999999999986
3.8999999999999986
4.899999999999995
3.8999999999999986
4.299999999999997
3.8999999999999986
8.399999999999986
3.8999999999999986
3.8999999999999986
4.299999999999997
4.099999999999998
4.599999999999996
6.699999999999992
3.8999999999999986
3.8999999999999986
3.8999999999999986
4.599999999999996
3.8999999999999986
8.399999999999986
3.8999999999999986
8.399999999999986
2.0999999999999996
4.599999999999996
3.8999999999999986
4.599999999999996
3.8999999999999986
3.8999999999999986
4.299999999999997
4.1999999999999975
6.199999999999994
4.999999999999995
3.8999999999999986
4.699999999999996
4.099999999999998
4.599999999999996
6.199999999999994
4.599999999999996
4.399999999999997
3.8999999999999986
6.199999999999994
8.799999999999985
4.699999999999996
3.8999999999999986
3.9999999999999982
3.8999999999999986
4.699999999999996
4.699999999999996
3.9999999999999982
3.8999999999999986
3.8999999999999986
3.8999999999999986
5.999999999999995
3.8999999999999986
8.599999999999985
3.8999999999999986
3.8999999999999986
3.8999999999999986
4.799999999999995
4.299999999999997
6.499999999999993
3.8999999999999986
8.399999999999986
6.499999999999993
3.8999999999999986
3.8999999999999986
6.5999999999999925
4.699999999999996
4.4999999999999964
6.099999999999994
5.999999999999995
4.799999999999995
5.999999999999995
3.8999999999999986
3.8999999999999986
3.8999999999999986
4.799999999999995
3.8999999999999986
14.99999999999997
3.8999999999999986
8.399999999999986
8.399999999999986
3.8999999999999986
3.9999999999999982
3.8999999999999986
3.8999999999999986
4.999999999999995
18.400000000000016
0.9000000000000004
3.8999999999999986
6.399999999999993
3.8999999999999986
4.699999999999996
4.399999999999997
10.699999999999982
18.60000000000002
3.8999999999999986
13.199999999999973
3.8999999999999986
3.8999999999999986
4.999999999999995
4.099999999999998
6.199999999999994
8.399999999999986
4.299999999999997
4.799999999999995
10.99999999999998
3.8999999999999986
4.599999999999996
4.599999999999996
3.8999999999999986
4.799999999999995
6.099999999999994
3.8999999999999986
4.899999999999995
4.299999999999997
7.7999999999999865
4.799999999999995
8.399999999999986
3.8999999999999986
4.699999999999996
3.8999999999999986
4.599999999999996
3.8999999999999986
8.399999999999986
0.9000000000000004
3.8999999999999986
4.799999999999995
12.899999999999974
10.99999999999998
4.4999999999999964
4.799999999999995
9.399999999999983
10.499999999999982
3.8999999999999986
2.6999999999999993
3.8999999999999986
6.5999999999999925
6.499999999999993
6.5999999999999925
4.999999999999995
4.699999999999996
3.8999999999999986
3.8999999999999986
4.1999999999999975
3.299999999999999
3.8999999999999986
3.8999999999999986
8.899999999999984
3.8999999999999986
9.299999999999983
3.8999999999999986
9.499999999999982
6.099999999999994
5.999999999999995
3.8999999999999986
8.399999999999986
4.999999999999995
6.099999999999994
3.8999999999999986
4.399999999999997
4.799999999999995
12.899999999999974
13.399999999999972
4.999999999999995
18.70000000000002
8.899999999999984
4.799999999999995
3.8999999999999986
3.8999999999999986
6.399999999999993
6.699999999999992
3.8999999999999986
3.8999999999999986
6.199999999999994
8.399999999999986
4.799999999999995
8.399999999999986
10.499999999999982
4.399999999999997
9.099999999999984
6.5999999999999925
6.499999999999993
6.199999999999994
4.999999999999995
8.799999999999985
8.399999999999986
4.599999999999996
3.8999999999999986
12.899999999999974
4.799999999999995
3.8999999999999986
4.799999999999995
4.399999999999997
3.8999999999999986
3.8999999999999986
6.5999999999999925
4.299999999999997
8.999999999999984
3.8999999999999986
13.399999999999972
12.899999999999974
8.399999999999986
3.8999999999999986
4.799999999999995
3.8999999999999986
3.8999999999999986
3.8999999999999986
8.999999999999984
4.799999999999995
4.099999999999998
4.099999999999998
4.1999999999999975
8.399999999999986
3.8999999999999986
3.8999999999999986
1.5
4.699999999999996
3.8999999999999986
8.399999999999986
12.899999999999974
3.8999999999999986
3.8999999999999986
4.099999999999998
4.599999999999996
8.399999999999986
3.9999999999999982
4.899999999999995
6.699999999999992
3.8999999999999986
3.8999999999999986
13.199999999999973
3.8999999999999986
3.8999999999999986
3.8999999999999986
3.8999999999999986
8.899999999999984
3.8999999999999986
3.8999999999999986
3.8999999999999986
27.60000000000012
4.4999999999999964
4.4999999999999964
11.19999999999998
6.399999999999993
17.90000000000001
6.299999999999994
3.8999999999999986
12.899999999999974
-2.099999999999998
10.599999999999982
3.8999999999999986
4.4999999999999964
3.8999999999999986
8.399999999999986
4.599999999999996
8.399999999999986
3.8999999999999986
3.8999999999999986
8.399999999999986
3.8999999999999986
3.8999999999999986
3.8999999999999986
4.599999999999996
4.999999999999995
4.4999999999999964
3.8999999999999986
3.8999999999999986
3.8999999999999986
3.8999999999999986
3.8999999999999986
14.99999999999997
4.899999999999995
6.699999999999992
3.8999999999999986
3.8999999999999986
3.8999999999999986
4.699999999999996
3.8999999999999986
6.099999999999994
3.8999999999999986
4.699999999999996
3.8999999999999986
3.8999999999999986
3.8999999999999986
3.8999999999999986
3.8999999999999986
4.099999999999998
6.299999999999994
3.8999999999999986
3.8999999999999986
6.5999999999999925
8.399999999999986
4.899999999999995
3.8999999999999986
3.8999999999999986
3.8999999999999986
3.8999999999999986
3.8999999999999986
12.899999999999974
8.599999999999985
3.8999999999999986
3.8999999999999986
3.8999999999999986
4.999999999999995
3.8999999999999986
3.8999999999999986
3.8999999999999986
6.399999999999993
3.8999999999999986
3.8999999999999986
3.8999999999999986
3.8999999999999986
4.299999999999997
3.8999999999999986
4.4999999999999964
3.8999999999999986
6.099999999999994
6.699999999999992
4.899999999999995
3.9999999999999982
4.599999999999996
3.299999999999999
3.8999999999999986
9.499999999999982
3.8999999999999986
3.8999999999999986
3.8999999999999986
3.8999999999999986
3.8999999999999986
3.8999999999999986
3.8999999999999986
12.899999999999974
3.8999999999999986
3.8999999999999986
15.399999999999974
3.8999999999999986
2.6999999999999993
3.8999999999999986
9.399999999999983
3.8999999999999986
3.8999999999999986
4.399999999999997
3.8999999999999986
4.599999999999996
6.199999999999994
8.799999999999985
6.5999999999999925
4.699999999999996
3.8999999999999986
8.399999999999986
1.5
3.8999999999999986
8.399999999999986
3.8999999999999986
4.4999999999999964
3.8999999999999986
3.8999999999999986
6.199999999999994
3.8999999999999986
3.8999999999999986
3.8999999999999986
3.8999999999999986
3.8999999999999986
3.8999999999999986
3.8999999999999986
3.8999999999999986
3.8999999999999986
3.8999999999999986
3.8999999999999986
3.8999999999999986
4.399999999999997
3.8999999999999986
4.799999999999995
3.8999999999999986
3.9999999999999982
3.8999999999999986
15.499999999999975
9.399999999999983
4.4999999999999964
5.999999999999995
3.8999999999999986
3.8999999999999986
4.999999999999995
3.8999999999999986
9.499999999999982
10.599999999999982
3.8999999999999986
3.8999999999999986
3.8999999999999986
3.8999999999999986
3.8999999999999986
3.8999999999999986
4.399999999999997
-1.4999999999999982
3.8999999999999986
4.299999999999997
3.8999999999999986
3.8999999999999986
4.799999999999995
3.8999999999999986
4.799999999999995
3.8999999999999986
3.8999999999999986
3.8999999999999986
3.8999999999999986
4.799999999999995
12.899999999999974
3.8999999999999986
6.299999999999994
4.4999999999999964
10.99999999999998
3.8999999999999986
3.8999999999999986
4.4999999999999964
3.8999999999999986
2.0999999999999996
4.4999999999999964
3.8999999999999986
3.8999999999999986
3.8999999999999986
3.8999999999999986
3.8999999999999986
15.299999999999972
-0.29999999999999893
8.399999999999986
22.700000000000063
8.599999999999985
3.8999999999999986
8.399999999999986
3.8999999999999986
3.8999999999999986
3.8999999999999986
2.0999999999999996
4.599999999999996
8.399999999999986
3.8999999999999986
3.8999999999999986
15.09999999999997
3.8999999999999986
6.299999999999994
3.8999999999999986
3.8999999999999986
3.8999999999999986
3.8999999999999986
3.8999999999999986
3.8999999999999986
8.399999999999986
8.899999999999984
3.8999999999999986
3.8999999999999986
3.8999999999999986
3.8999999999999986
3.8999999999999986
6.699999999999992
3.8999999999999986
3.8999999999999986
3.8999999999999986
4.999999999999995
12.899999999999974
9.399999999999983
3.8999999999999986
9.299999999999983
3.8999999999999986
3.8999999999999986
3.8999999999999986
6.699999999999992
4.699999999999996
3.8999999999999986
3.8999999999999986
3.8999999999999986
6.299999999999994
-1.4999999999999982
3.8999999999999986
3.8999999999999986
3.8999999999999986
3.8999999999999986
3.8999999999999986
3.8999999999999986
3.8999999999999986
6.299999999999994
10.699999999999982
3.8999999999999986
15.19999999999997
8.399999999999986
3.8999999999999986
3.8999999999999986
3.8999999999999986
3.8999999999999986
3.8999999999999986
3.8999999999999986
4.999999999999995
8.399999999999986
3.8999999999999986
4.899999999999995
3.8999999999999986
12.899999999999974
4.699999999999996
3.8999999999999986
-3.299999999999998
9.299999999999983
3.8999999999999986
3.8999999999999986
8.599999999999985
4.699999999999996
8.399999999999986
3.8999999999999986
3.8999999999999986
